177  
748  
780  
290  
864  
655  
409  
724  
765  
333  
493  
283  
837  
742  
600  
830  
91  
7  
751  
848  
884  
758  
212  
545  
726  
402  
309  
359  
898  
154  
842  
968  
103  
39  
434  
69  
145  
630  
787  
619  
229  
674  
842  
182  
578  
330  
87  
906  
614  
832  
111  
548  
515  
153  
26  
377  
539  
73  
459  
878  
108  
708  
572  
793  
909  
248  
888  
162  
146  
338  
583  
462  
34  
320  
539  
724  
393  
18  
861  
279  
467  
106  
433  
58  
3  
130  
300  
754  
361  
769  
704  
111  
760  
209  
529  
748  
136  
471  
427  
612  